# Common math constents
PI = 3.14159
E = 2.71828

